[-0.401527, 0.0621679, 1.338]
[0.0621626, 0.0907569, 1.025]
[-0.0347205, -0.221411, 1.232]
[-0.174511, -0.0689051, 1.483]
[-0.365258, 0.0482719, 1.343]
[-0.381269, 0.0328303, 1.387]
[-0.0062367, -0.00331117, 1.259]
[0.078729, -0.230681, 1.766]
[0.133392, -0.0137418, 0.825]
[-0.168549, -0.0229196, 1.376]
[0.42934, -0.152939, 0.851]
[0.125233, -0.229144, 1.731]
[0.125147, 0.0755283, 1.038]
[0.12102, 0.0330197, 0.837]
[0.119979, 0.217172, 0.675]
[0.210866, 0.148713, 0.789]
[0.409013, -0.15376, 0.864]
[0.180697, 0.122247, 0.835]
[-0.255818, 0.119867, 1.13]
[0.264263, -0.19424, 1.594]
[0.0782003, -0.226425, 1.757]
[-0.357862, -0.125404, 1.766]
[0.119979, 0.217172, 0.675]
[0.140372, 0.0429821, 0.831]
[-0.0283348, -0.156737, 1.268]
[-0.480669, 0.129732, 1.223]
[-0.357862, -0.1285, 1.766]
[0.613527, -0.393411, 1.398]
[0.13423, -0.00961791, 1.219]
[0.0303282, -0.0169372, 1.288]
[-0.259017, -0.058166, 1.543]
[0.299521, -0.187172, 1.536]
[0.274052, -0.191559, 1.572]
[-0.012859, 0.00772606, 1.259]
[0.281033, -0.156831, 0.967]
[0.0197547, 0.113203, 1.001]
[0.115886, -0.23997, 1.766]
[0.0321078, 0.0407913, 1.034]
[-0.348701, 0.0502497, 1.333]
[0.131253, 0.00944784, 0.829]
[0.0587716, -0.00326383, 1.241]
[0.268373, -0.198826, 1.586]
[0.0751618, -0.274213, 1.873]
[-0.227462, 0.124964, 1.105]
[-0.0238919, -0.00332432, 1.264]
[0.0712694, -0.179607, 1.639]
[0.307914, -0.197031, 1.55]
[0.105926, -0.232586, 1.757]
[0.072395, -0.278979, 1.883]
[-0.181214, -0.126841, 1.523]
[0.132706, 0.0181689, 0.829]
[0.116184, 0.173922, 0.778]
[0.133939, -0.0833894, 0.813]
[0.140195, 0.140008, 0.845]
[0.0882978, -0.277497, 1.873]
[0.00187772, -0.0502497, 1.333]
[-0.178544, -0.126841, 1.523]
[0.139022, 0.0728168, 0.839]
[6.15379e-313, 2.01327e+08, 9.97338e-313]
[1.6976e-312, 2.14748e+09, 1.61272e-312]
[1.99468e-312, 4.1943e+06, 1.061e-312]
[1.2732e-312, 4.02653e+08, 1.67638e-312]
[8.91238e-313, 8.05306e+08, 1.57028e-312]
[1.86736e-312, 2.01327e+08, 1.23076e-312]
[1.25198e-312, 2.68435e+08, 1.14588e-312]
[2.68435e+08, 1.33686e-312, 1.07374e+09]
[1.34218e+08, 2.97079e-313, 1.04858e+06]
[2.01327e+08, 2.75859e-312, 4.29497e+09]
[5.30499e-313, 8.58993e+09, 4.24399e-313]
[5.03316e+07, 3.90447e-312, 2.14748e+09]
[3.11933e-312, 2.01327e+08, 2.82225e-312]
[1.04858e+06, 3.39519e-312, 1.04858e+06]
[3.48007e-312, 4.29497e+09, 3.20421e-312]
[1.67772e+07, 2.27054e-312, 8.05306e+08]
[3.58617e-312, 1.34218e+08, 3.03445e-312]
[2.68435e+08, 2.69493e-312, 524288]
[3.22123e+09, 5.28377e-312, 1.00663e+08]
[5.36865e-312, 6.44245e+09, 4.75327e-312]
[6.44245e+09, 4.49863e-312, 1.61061e+09]
[5.00791e-312, 3.22123e+09, 4.11667e-312]
[4.92303e-312, 1.34218e+08, 6.40843e-312]
[1.34218e+08, 6.04769e-312, 8.58993e+09]
[6.02647e-312, 4.1943e+06, 5.77183e-312]
[6.06891e-312, 3.22123e+09, 5.81427e-312]
[6.51453e-312, 8192, 6.09013e-312]
[5.83549e-312, 2.01327e+08, 5.72939e-312]
[6.89649e-312, 524288, 7.72406e-312]
[3.35544e+07, 7.51187e-312, 5.36871e+08]
[8.38861e+06, 8.57286e-312, 1.67772e+07]
[6.71089e+07, 8.5092e-312, 6.71089e+07]
[8.48798e-312, 1.07374e+09, 8.16968e-312]
[5.03316e+07, 8.80628e-312, 8.38861e+06]
[2048, 8.06358e-312, 524288]
[8.05306e+08, 9.63386e-312, 1.34218e+08]
[1.07374e+09, 8.91238e-312, 2.68435e+08]
[9.33678e-312, 2.68435e+08, 9.29434e-312]
[4.02653e+08, 9.84606e-312, 262144]
[9.69752e-312, 1.04858e+06, 9.76118e-312]
[9.86728e-312, 1.04858e+06, 9.93094e-312]
[9.31556e-312, 2.68435e+08, 1.01644e-311]
[1.00158e-311, 5.03316e+07, 9.71874e-312]
[8.05306e+08, 1.01219e-311, 2.14748e+09]
[1, 0.182, 3.25357e-316]
[0, 2.54639e-313, 1.84614e-312]
[3.22123e+09, 3.92569e-312, 1.71799e+10]
[1.42174e-312, 4.81036e+11, 1.95224e-312]
[4.29497e+09, 1.2732e-313, 6.71089e+07]
[1.71799e+10, 1.52784e-312, 8.05306e+08]
[2.122e-314, 8.05306e+08, 2.07956e-312]
[1.9098e-312, 2.14748e+10, 1.99468e-312]
[4.02653e+08, 6.85405e-312, 4.39805e+12]
[7.85138e-313, 4.12317e+12, 3.96813e-312]
[6.87195e+10, 2.16444e-312, 3.22123e+09]
[8.91238e-313, 8.05306e+08, 4.66839e-313]
[1.10344e-312, 4.9478e+12, 1.57028e-312]
[1.07374e+09, 1.12466e-312, 2.57698e+10]
[4.85937e-312, 1.53932e+13, 3.18299e-313]
[3.02366e+12, 6.79039e-313, 4.29497e+09]
[2.05834e-312, 2.68435e+08, 1.29442e-312]
[1.50324e+10, 7.7665e-312, 5.49756e+11]
[2.0159e-312, 6.87195e+10, 1.82492e-312]
[1.97346e-312, 1.07374e+10, 2.54639e-312]
[2.37664e-312, 6.71089e+07, 3.60739e-313]
[2.97079e-312, 2.14748e+09, 3.09811e-312]
[2.14748e+09, 3.86203e-312, 2.63883e+13]
[2.65249e-312, 262144, 4.09545e-312]
[2.4403e-312, 1.67772e+07, 2.27054e-312]
[2.99201e-312, 6.87195e+10, 3.62861e-312]
[8.53042e-312, 3.43597e+11, 2.94957e-312]
[4.35009e-312, 2.01327e+08, 4.22277e-312]
[3.29853e+12, 4.90181e-312, 3.35544e+07]
[4.68961e-312, 262144, 4.64717e-312]
[6.71089e+07, 5.55963e-312, 8.38861e+06]
[1.00663e+08, 4.15911e-312, 3.22123e+09]
[5.02913e-312, 1.61061e+09, 5.17767e-312]
[2.09715e+06, 5.62329e-312, 4.29497e+09]
[5.15645e-312, 2.14748e+09, 5.24133e-312]
[4.20155e-312, 2.68435e+08, 4.28643e-312]
[6.74795e-312, 2.14748e+09, 4.51985e-312]
[4.54107e-312, 1.07374e+10, 5.26255e-312]
[3.73471e-312, 1.28849e+10, 5.60207e-312]
[2.68435e+08, 8.10602e-312, 1.09951e+12]
[5.00791e-312, 3.22123e+09, 4.58351e-312]
[6.71089e+07, 5.41109e-312, 1.00663e+08]
[5.34743e-312, 3.02366e+12, 1.4854e-313]
[5.49756e+12, 5.66573e-312, 524288]
[5.70817e-312, 2.14748e+09, 5.96281e-312]
[6.04769e-312, 8.58993e+09, 4.24399e-312]
[6.71089e+07, 6.06891e-312, 3.22123e+09]
[3.43597e+10, 6.09013e-312, 2.14748e+09]
[6.71089e+07, 1.01431e-311, 3.29853e+12]
[8.38861e+06, 7.02381e-312, 4.02653e+08]
[1.34218e+08, 6.47209e-312, 2.01327e+08]
[9.8956e+12, 7.74528e-312, 5.36871e+08]
[7.6604e-312, 131072, 7.10869e-312]
[3.35544e+07, 8.76384e-312, 32768]
[4.29497e+09, 8.04236e-312, 6.71089e+07]
[8.5092e-312, 6.71089e+07, 8.25456e-312]
[8.6153e-312, 6.71089e+07, 8.48798e-312]
[524288, 8.27578e-312, 4.02653e+08]
[8.7214e-312, 1.28849e+10, 1.18832e-312]
[8.46676e-312, 1.61061e+09, 8.8275e-312]
[9.18824e-312, 1.71799e+11, 9.08214e-312]
[5.03316e+07, 9.71874e-312, 8.05306e+08]
[1.01219e-311, 2.14748e+09, 4.07423e-312]
[1.01856e-311, 4.02653e+08, 9.97338e-312]
[9.54898e-312, 3.84829e+12, 1.8037e-312]
[7.69658e+12, 1.0037e-311, 1.34218e+08]
[0.0522222, 0.839, -0.401527]
[0.0621679, 1.338, 0.0621626]
[-0.116793, 1.464, -0.0435547]
[-0.157572, 0.86, 0.613227]
[0.0583781, 1.359, 0.124704]
[0.119867, 1.13, 0.127976]
[0.000725003, 0.827, -0.381269]
[0.0328303, 1.387, 0.122911]
[-0.187172, 1.536, -0.168549]
[-0.399325, 1.328, 0.125233]
[-0.229144, 1.731, 0.125147]
[0.0755283, 1.038, 0.12102]
[-0.0723434, 1.557, 0.667035]
[-0.356503, 1.259, 0.417001]
[-0.152337, 0.856, 0.409013]
[0.122247, 0.835, -0.255818]
[0.0507625, 1.232, -0.176224]
[-0.0122952, 0.825, -0.148]
[0.0387837, 1.264, -0.366337]
[0.0527841, 1.338, 0.145698]
[-0.213969, 1.731, 0.276808]
[-0.191559, 1.572, 0.0782003]
[-0.12523, 1.536, -0.357862]
[0.00993351, 1.259, 0.127976]
[0.00217501, 0.827, 0.0302949]
[0.0330197, 0.837, -0.471403]
[0.125853, 1.227, 0.131117]
[-0.0502497, 1.333, 0.140372]
[0.0429821, 0.831, 0.121507]
[0.0755283, 1.038, 0.114067]
[0.181651, 0.759, 0.427848]
[-0.152939, 0.851, -0.0283348]
[-0.156737, 1.268, -0.319428]
[0.162735, 1.073, -0.480669]
[-0.1285, 1.766, 0.142442]
[-0.113758, 1.458, 0.122135]
[0.0256206, 0.835, 0.0355575]
[-0.393411, 1.398, 0.078729]
[-0.230681, 1.766, 0.135613]
[-0.00961791, 1.219, -0.174074]
[-0.209837, 1.722, -0.369312]
[-0.248811, 1.785, -0.170325]
[0.0301319, 1.273, 0.0516838]
[-0.00108005, 1.232, -0.256357]
[0.121093, 1.123, -0.259017]
[-0.0253137, 0.825, 0.139704]
[0.0858651, 1.031, -0.012859]
[-0.154514, 1.268, -0.437788]
[-0.0502497, 1.333, 0.119687]
[-0.218666, 4.089, -0.00781295]
[0.0280095, 1.278, -0.368439]
[0.0418827, 1.365, 0.613227]
[-0.399045, 1.392, 0.181665]
[0.128005, 1.227, 0.144298]
[-0.00108005, 1.232, -0.179023]
[0.211054, 0.682, 0.283683]
[0.211397, 0.687, 0.132761]
[-0.101976, 1.307, 0.134636]
[-0.399986, 1.338, 0.310632]
[0.0225295, 0.829, -0.395869]
[0.0624003, 1.343, -0.348701]
[0.0502497, 1.333, -0.165048]
[0.0347318, 1.278, 0.131253]
[0.00944784, 0.829, 0.0327153]
[0.019938, 1.197, -1.13384]
[-0.209014, 4.041, 0.0587716]
[-0.0282067, 0.825, 0.133776]
[-0.0139381, 1.223, -0.00331302]
[-0.00942504, 0.827, -0.0238919]
[-0.00332432, 1.264, 0.0355996]
[0.0490451, 0.835, 0.0590758]
[-0.39764, 1.338, 0.0321078]
[0.0407913, 1.034, 0.097913]
[0.0210759, 0.829, 0.138713]
[0.16241, 0.878, -0.164629]
[0.135979, 1.041, -0.209858]
[-0.232586, 1.757, 0.072395]
[0.160745, 0.869, 0.116184]
[0.173922, 0.778, 0.290589]
[-0.202584, 1.572, 0.133939]
[-0.0833894, 0.813, -0.207635]
[-0.23997, 1.766, 0.0882978]
[-0.0050873, 0.829, -0.163598]
[0.133091, 1.047, -0.268946]
[0.170484, 0.781, 0.115503]
[-5.95291e+08, 2.72567e+122, -1.23516e-93]
[-5.50307e+124, -2.53305e+23, 125.978]
[0, 7.7486e-304, 5.37794e-299]
[-1.62821e-88, -3.57839e-103, 4.15903e+117]
[5.37794e-299, 3.72097e-294, 5.37794e-299]
[1.48797e-163, 1.26816e-250, 1.68221e-284]

